   1.0000000e+00   5.1267000e-02   6.9956000e-01   2.6283053e-03   3.5864343e-02   4.8938419e-01   1.3474533e-04   1.8386572e-03   2.5089259e-02   3.4235361e-01   6.9079887e-06   9.4262441e-05   1.2862511e-03   1.7551442e-02   2.3949689e-01   3.5415186e-07   4.8325526e-06   6.5942233e-05   8.9980979e-04   1.2278287e-02   1.6754244e-01   1.8156303e-08   2.4775047e-07   3.3806605e-06   4.6130549e-05   6.2947094e-04   8.5893985e-03   1.1720599e-01
   1.0000000e+00  -9.2742000e-02   6.8494000e-01   8.6010786e-03  -6.3522705e-02   4.6914280e-01  -7.9768123e-04   5.8912228e-03  -4.3509242e-02   3.2133467e-01   7.3978552e-05  -5.4636378e-04   4.0351341e-03  -2.9801220e-02   2.2009497e-01  -6.8609189e-06   5.0670870e-05  -3.7422641e-04   2.7638248e-03  -2.0412048e-02   1.5075185e-01   6.3629534e-07  -4.6993178e-06   3.4706506e-05  -2.5632264e-04   1.8930541e-03  -1.3981028e-02   1.0325597e-01
   1.0000000e+00  -2.1371000e-01   6.9225000e-01   4.5671964e-02  -1.4794075e-01   4.7921006e-01  -9.7605554e-03   3.1616417e-02  -1.0241198e-01   3.3173317e-01   2.0859283e-03  -6.7567445e-03   2.1886465e-02  -7.0894695e-02   2.2964228e-01  -4.4578374e-04   1.4439839e-03  -4.6773564e-03   1.5150905e-02  -4.9076853e-02   1.5896987e-01   9.5268443e-05  -3.0859379e-04   9.9959783e-04  -3.2379000e-03   1.0488214e-02  -3.3973451e-02   1.1004689e-01
   1.0000000e+00  -3.7500000e-01   5.0219000e-01   1.4062500e-01  -1.8832125e-01   2.5219480e-01  -5.2734375e-02   7.0620469e-02  -9.4573049e-02   1.2664970e-01   1.9775391e-02  -2.6482676e-02   3.5464893e-02  -4.7493639e-02   6.3602215e-02  -7.4157715e-03   9.9310034e-03  -1.3299335e-02   1.7810115e-02  -2.3850831e-02   3.1940396e-02   2.7809143e-03  -3.7241263e-03   4.9872506e-03  -6.6787930e-03   8.9440615e-03  -1.1977649e-02   1.6040148e-02
   1.0000000e+00  -5.1325000e-01   4.6564000e-01   2.6342556e-01  -2.3898973e-01   2.1682061e-01  -1.3520317e-01   1.2266148e-01  -1.1128318e-01   1.0096035e-01   6.9393027e-02  -6.2956004e-02   5.7116091e-02  -5.1817899e-02   4.7011177e-02  -3.5615971e-02   3.2312169e-02  -2.9314834e-02   2.6595537e-02  -2.4128486e-02   2.1890284e-02   1.8279897e-02  -1.6584221e-02   1.5045838e-02  -1.3650159e-02   1.2383946e-02  -1.1235188e-02   1.0192992e-02
   1.0000000e+00  -5.2477000e-01   2.0980000e-01   2.7538355e-01  -1.1009675e-01   4.4016040e-02  -1.4451303e-01   5.7775469e-02  -2.3098297e-02   9.2345652e-03   7.5836101e-02  -3.0318833e-02   1.2121293e-02  -4.8460228e-03   1.9374118e-03  -3.9796511e-02   1.5910414e-02  -6.3608912e-03   2.5430474e-03  -1.0166956e-03   4.0646899e-04   2.0884015e-02  -8.3493080e-03   3.3380049e-03  -1.3345150e-03   5.3353134e-04  -2.1330273e-04   8.5277194e-05
   1.0000000e+00  -3.9804000e-01   3.4357000e-02   1.5843584e-01  -1.3675460e-02   1.1804034e-03  -6.3063802e-02   5.4433802e-03  -4.6984779e-04   4.0555121e-05   2.5101916e-02  -2.1666831e-03   1.8701821e-04  -1.6142560e-05   1.3933523e-06  -9.9915666e-03   8.6242652e-04  -7.4440730e-05   6.4253848e-06  -5.5460995e-07   4.7871405e-08   3.9770432e-03  -3.4328025e-04   2.9630388e-05  -2.5575602e-06   2.2075694e-07  -1.9054734e-08   1.6447179e-09
   1.0000000e+00  -3.0588000e-01  -1.9225000e-01   9.3562574e-02   5.8805430e-02   3.6960063e-02  -2.8618920e-02  -1.7987405e-02  -1.1305344e-02  -7.1055720e-03   8.7539553e-03   5.5019874e-03   3.4580786e-03   2.1734524e-03   1.3660462e-03  -2.6776599e-03  -1.6829479e-03  -1.0577571e-03  -6.6481561e-04  -4.1784622e-04  -2.6262239e-04   8.1904260e-04   5.1478011e-04   3.2354674e-04   2.0335380e-04   1.2781080e-04   8.0330935e-05   5.0489154e-05
   1.0000000e+00   1.6705000e-02  -4.0424000e-01   2.7905703e-04  -6.7528292e-03   1.6340998e-01   4.6616476e-06  -1.1280601e-04   2.7297637e-03  -6.6056849e-02   7.7872823e-08  -1.8844244e-06   4.5600702e-05  -1.1034797e-03   2.6702821e-02   1.3008655e-09  -3.1479310e-08   7.6175973e-07  -1.8433628e-05   4.4607062e-04  -1.0794348e-02   2.1730958e-11  -5.2586187e-10   1.2725196e-08  -3.0793375e-07   7.4516097e-06  -1.8031959e-04   4.3635073e-03
   1.0000000e+00   1.3191000e-01  -5.1389000e-01   1.7400248e-02  -6.7787230e-02   2.6408293e-01   2.2952667e-03  -8.9418135e-03   3.4835180e-02  -1.3570958e-01   3.0276863e-04  -1.1795146e-03   4.5951085e-03  -1.7901450e-02   6.9739795e-02   3.9938211e-05  -1.5558977e-04   6.0614077e-04  -2.3613803e-03   9.1993764e-03  -3.5838583e-02   5.2682493e-06  -2.0523847e-05   7.9956029e-05  -3.1148968e-04   1.2134897e-03  -4.7274675e-03   1.8417090e-02
   1.0000000e+00   3.8537000e-01  -5.6506000e-01   1.4851004e-01  -2.1775717e-01   3.1929280e-01   5.7231313e-02  -8.3917081e-02   1.2304587e-01  -1.8041959e-01   2.2055231e-02  -3.2339126e-02   4.7418186e-02  -6.9528298e-02   1.0194789e-01   8.4994244e-03  -1.2462529e-02   1.8273546e-02  -2.6794120e-02   3.9287660e-02  -5.7606677e-02   3.2754232e-03  -4.8026847e-03   7.0420766e-03  -1.0325650e-02   1.5140286e-02  -2.2199885e-02   3.2551229e-02
   1.0000000e+00   5.2938000e-01  -5.2120000e-01   2.8024318e-01  -2.7591286e-01   2.7164944e-01   1.4835514e-01  -1.4606275e-01   1.4380578e-01  -1.4158369e-01   7.8536242e-02  -7.7322697e-02   7.6127904e-02  -7.4951573e-02   7.3793418e-02   4.1575516e-02  -4.0933090e-02   4.0300590e-02  -3.9677864e-02   3.9064760e-02  -3.8461130e-02   2.2009247e-02  -2.1669159e-02   2.1334326e-02  -2.1004667e-02   2.0680103e-02  -2.0360553e-02   2.0045941e-02
   1.0000000e+00   6.3882000e-01  -2.4342000e-01   4.0809099e-01  -1.5550156e-01   5.9253296e-02   2.6069669e-01  -9.9337509e-02   3.7852191e-02  -1.4423437e-02   1.6653826e-01  -6.3458788e-02   2.4180737e-02  -9.2139803e-03   3.5109531e-03   1.0638797e-01  -4.0538743e-02   1.5447138e-02  -5.8860749e-03   2.2428671e-03  -8.5463621e-04   6.7962763e-02  -2.5896960e-02   9.8679408e-03  -3.7601424e-03   1.4327883e-03  -5.4595870e-04   2.0803555e-04
   1.0000000e+00   7.3675000e-01  -1.8494000e-01   5.4280056e-01  -1.3625455e-01   3.4202804e-02   3.9990831e-01  -1.0038554e-01   2.5198916e-02  -6.3254665e-03   2.9463245e-01  -7.3959044e-02   1.8565301e-02  -4.6602874e-03   1.1698318e-03   2.1707046e-01  -5.4489325e-02   1.3677986e-02  -3.4334668e-03   8.6187356e-04  -2.1634869e-04   1.5992666e-01  -4.0145011e-02   1.0077256e-02  -2.5296066e-03   6.3498535e-04  -1.5939490e-04   4.0011526e-05
   1.0000000e+00   5.4666000e-01   4.8757000e-01   2.9883716e-01   2.6653502e-01   2.3772450e-01   1.6336232e-01   1.4570403e-01   1.2995448e-01   1.1590734e-01   8.9303646e-02   7.9650566e-02   7.1040915e-02   6.3361905e-02   5.6512940e-02   4.8818731e-02   4.3541778e-02   3.8835227e-02   3.4637419e-02   3.0893364e-02   2.7554014e-02   2.6687247e-02   2.3802549e-02   2.1229665e-02   1.8934891e-02   1.6888166e-02   1.5062677e-02   1.3434511e-02
   1.0000000e+00   3.2200000e-01   5.8260000e-01   1.0368400e-01   1.8759720e-01   3.3942276e-01   3.3386248e-02   6.0406298e-02   1.0929413e-01   1.9774770e-01   1.0750372e-02   1.9450828e-02   3.5192709e-02   6.3674759e-02   1.1520781e-01   3.4616197e-03   6.2631666e-03   1.1332052e-02   2.0503273e-02   3.7096915e-02   6.7120070e-02   1.1146416e-03   2.0167397e-03   3.6489209e-03   6.6020538e-03   1.1945207e-02   2.1612663e-02   3.9104153e-02
   1.0000000e+00   1.6647000e-01   5.3874000e-01   2.7712261e-02   8.9684048e-02   2.9024079e-01   4.6132601e-03   1.4929703e-02   4.8316384e-02   1.5636432e-01   7.6796940e-04   2.4853477e-03   8.0432284e-03   2.6029969e-02   8.4239715e-02   1.2784387e-04   4.1373584e-04   1.3389562e-03   4.3332089e-03   1.4023385e-02   4.5383304e-02   2.1282168e-05   6.8874605e-05   2.2289604e-04   7.2134928e-04   2.3344730e-03   7.5549586e-03   2.4449801e-02
   1.0000000e+00  -4.6659000e-02   8.1652000e-01   2.1770623e-03  -3.8098007e-02   6.6670491e-01  -1.0157955e-04   1.7776149e-03  -3.1107784e-02   5.4437789e-01   4.7396002e-06  -8.2941733e-05   1.4514581e-03  -2.5400128e-02   4.4449544e-01  -2.2114500e-07   3.8699783e-06  -6.7723584e-05   1.1851446e-03  -2.0739713e-02   3.6293941e-01   1.0318405e-08  -1.8056932e-07   3.1599147e-06  -5.5297661e-05   9.6769425e-04  -1.6934390e-02   2.9634729e-01
   1.0000000e+00  -1.7339000e-01   6.9956000e-01   3.0064092e-02  -1.2129671e-01   4.8938419e-01  -5.2128129e-03   2.1031636e-02  -8.4854325e-02   3.4235361e-01   9.0384963e-04  -3.6466754e-03   1.4712891e-02  -5.9360692e-02   2.3949689e-01  -1.5671849e-04   6.3229705e-04  -2.5510683e-03   1.0292550e-02  -4.1526366e-02   1.6754244e-01   2.7173419e-05  -1.0963399e-04   4.4232972e-04  -1.7846253e-03   7.2002565e-03  -2.9050184e-02   1.1720599e-01
   1.0000000e+00  -4.7869000e-01   6.3377000e-01   2.2914412e-01  -3.0337936e-01   4.0166441e-01  -1.0968900e-01   1.4522467e-01  -1.9227274e-01   2.5456285e-01   5.2507026e-02  -6.9517596e-02   9.2039037e-02  -1.2185669e-01   1.6133430e-01  -2.5134588e-02   3.3277378e-02  -4.4058167e-02   5.8331580e-02  -7.7229116e-02   1.0224884e-01   1.2031676e-02  -1.5929548e-02   2.1090204e-02  -2.7922744e-02   3.6968806e-02  -4.8945497e-02   6.4802247e-02
   1.0000000e+00  -6.0541000e-01   5.9722000e-01   3.6652127e-01  -3.6156296e-01   3.5667173e-01  -2.2189564e-01   2.1889383e-01  -2.1593263e-01   2.1301149e-01   1.3433784e-01  -1.3252051e-01   1.3072777e-01  -1.2895929e-01   1.2721472e-01  -8.1329472e-02   8.0229245e-02  -7.9143902e-02   7.8073241e-02  -7.7017065e-02   7.5975176e-02   4.9237675e-02  -4.8571587e-02   4.7914510e-02  -4.7266321e-02   4.6626901e-02  -4.5996131e-02   4.5373895e-02
   1.0000000e+00  -6.2846000e-01   3.3406000e-01   3.9496197e-01  -2.0994335e-01   1.1159608e-01  -2.4821780e-01   1.3194100e-01  -7.0133675e-02   3.7279788e-02   1.5599496e-01  -8.2919638e-02   4.4076209e-02  -2.3428855e-02   1.2453686e-02  -9.8036592e-02   5.2111676e-02  -2.7700134e-02   1.4724098e-02  -7.8266434e-03   4.1602783e-03   6.1612077e-02  -3.2750104e-02   1.7408426e-02  -9.2535069e-03   4.9187323e-03  -2.6145685e-03   1.3897826e-03
   1.0000000e+00  -5.9389000e-01   5.1170000e-03   3.5270533e-01  -3.0389351e-03   2.6183689e-05  -2.0946817e-01   1.8047932e-03  -1.5550231e-05   1.3398194e-07   1.2440105e-01  -1.0718486e-03   9.2351267e-06  -7.9570532e-08   6.8558557e-10  -7.3880540e-02   6.3656018e-04  -5.4846494e-06   4.7256143e-08  -4.0716241e-10   3.5081414e-12   4.3876914e-02  -3.7804672e-04   3.2572784e-06  -2.8064951e-08   2.4180969e-10  -2.0834501e-12   1.7951159e-14
   1.0000000e+00  -4.2108000e-01  -2.7266000e-01   1.7730837e-01   1.1481167e-01   7.4343476e-02  -7.4661007e-02  -4.8344899e-02  -3.1304551e-02  -2.0270492e-02   3.1438257e-02   2.0357070e-02   1.3181720e-02   8.5354988e-03   5.5269524e-03  -1.3238021e-02  -8.5719551e-03  -5.5505587e-03  -3.5941278e-03  -2.3272891e-03  -1.5069788e-03   5.5742660e-03   3.6094789e-03   2.3372293e-03   1.5134153e-03   9.7997489e-04   6.3455865e-04   4.1089285e-04
   1.0000000e+00  -1.1578000e-01  -3.9693000e-01   1.3405008e-02   4.5956555e-02   1.5755342e-01  -1.5520319e-03  -5.3208500e-03  -1.8241536e-02  -6.2537681e-02   1.7969425e-04   6.1604801e-04   2.1120050e-03   7.2406127e-03   2.4823082e-02  -2.0805000e-05  -7.1326039e-05  -2.4452794e-04  -8.3831814e-04  -2.8740164e-03  -9.8530258e-03   2.4088029e-06   8.2581288e-06   2.8311445e-05   9.7060474e-05   3.3275362e-04   1.1407833e-03   3.9109615e-03
   1.0000000e+00   2.0104000e-01  -6.0161000e-01   4.0417082e-02  -1.2094767e-01   3.6193459e-01   8.1254501e-03  -2.4315320e-02   7.2763330e-02  -2.1774347e-01   1.6335405e-03  -4.8883520e-03   1.4628340e-02  -4.3775147e-02   1.3099665e-01   3.2840698e-04  -9.8275429e-04   2.9408815e-03  -8.8005556e-03   2.6335566e-02  -7.8808894e-02   6.6022939e-05  -1.9757292e-04   5.9123481e-04  -1.7692637e-03   5.2945023e-03  -1.5843740e-02   4.7412219e-02
   1.0000000e+00   4.6601000e-01  -5.3582000e-01   2.1716532e-01  -2.4969748e-01   2.8710307e-01   1.0120121e-01  -1.1636152e-01   1.3379290e-01  -1.5383557e-01   4.7160776e-02  -5.4225633e-02   6.2348831e-02  -7.1688913e-02   8.2428174e-02   2.1977393e-02  -2.5269687e-02   2.9055179e-02  -3.3407750e-02   3.8412353e-02  -4.4166664e-02   1.0241685e-02  -1.1775927e-02   1.3540004e-02  -1.5568346e-02   1.7900541e-02  -2.0582107e-02   2.3665382e-02
   1.0000000e+00   6.7339000e-01  -5.3582000e-01   4.5345409e-01  -3.6081583e-01   2.8710307e-01   3.0535145e-01  -2.4296977e-01   1.9333234e-01  -1.5383557e-01   2.0562061e-01  -1.6361341e-01   1.3018806e-01  -1.0359133e-01   8.2428174e-02   1.3846287e-01  -1.1017564e-01   8.7667340e-02  -6.9757368e-02   5.5506308e-02  -4.4166664e-02   9.3239509e-02  -7.4191172e-02   5.9034310e-02  -4.6973914e-02   3.7377393e-02  -2.9741390e-02   2.3665382e-02
   1.0000000e+00  -1.3882000e-01   5.4605000e-01   1.9270992e-02  -7.5802661e-02   2.9817060e-01  -2.6751992e-03   1.0522925e-02  -4.1392043e-02   1.6281606e-01   3.7137115e-04  -1.4607925e-03   5.7460434e-03  -2.2602125e-02   8.8905708e-02  -5.1553743e-05   2.0278722e-04  -7.9766575e-04   3.1376270e-03  -1.2341890e-02   4.8546962e-02   7.1566906e-06  -2.8150921e-05   1.1073196e-04  -4.3556538e-04   1.7133012e-03  -6.7392893e-03   2.6509069e-02
   1.0000000e+00  -2.9435000e-01   7.7997000e-01   8.6641922e-02  -2.2958417e-01   6.0835320e-01  -2.5503050e-02   6.7578100e-02  -1.7906876e-01   4.7449725e-01   7.5068227e-03  -1.9891614e-02   5.2708891e-02  -1.3966826e-01   3.7009362e-01  -2.2096333e-03   5.8550965e-03  -1.5514862e-02   4.1111354e-02  -1.0893706e-01   2.8866192e-01   6.5040555e-04  -1.7234477e-03   4.5667996e-03  -1.2101127e-02   3.2065622e-02  -8.4967636e-02   2.2514764e-01
   1.0000000e+00  -2.6555000e-01   9.6272000e-01   7.0516803e-02  -2.5565030e-01   9.2682980e-01  -1.8725737e-02   6.7887936e-02  -2.4611965e-01   8.9227758e-01   4.9726194e-03  -1.8027641e-02   6.5357074e-02  -2.3694431e-01   8.5901348e-01  -1.3204791e-03   4.7872402e-03  -1.7355571e-02   6.2920562e-02  -2.2811103e-01   8.2698945e-01   3.5065322e-04  -1.2712516e-03   4.6087719e-03  -1.6708555e-02   6.0574884e-02  -2.1960705e-01   7.9615929e-01
   1.0000000e+00  -1.6187000e-01   8.0190000e-01   2.6201897e-02  -1.2980355e-01   6.4304361e-01  -4.2413011e-03   2.1011301e-02  -1.0408947e-01   5.1565667e-01   6.8653940e-04  -3.4010993e-03   1.6848962e-02  -8.3469345e-02   4.1350508e-01  -1.1113013e-04   5.5053595e-04  -2.7273415e-03   1.3511183e-02  -6.6934068e-02   3.3158973e-01   1.7988635e-05  -8.9115254e-05   4.4147477e-04  -2.1870552e-03   1.0834618e-02  -5.3674429e-02   2.6590180e-01
   1.0000000e+00  -1.7339000e-01   6.4839000e-01   3.0064092e-02  -1.1242434e-01   4.2040959e-01  -5.2128129e-03   1.9493257e-02  -7.2894819e-02   2.7258938e-01   9.0384963e-04  -3.3799358e-03   1.2639233e-02  -4.7264272e-02   1.7674423e-01  -1.5671849e-04   5.8604706e-04  -2.1915166e-03   8.1951521e-03  -3.0645681e-02   1.1459919e-01   2.7173419e-05  -1.0161470e-04   3.7998706e-04  -1.4209574e-03   5.3136547e-03  -1.9870353e-02   7.4304968e-02
   1.0000000e+00  -2.8283000e-01   4.7295000e-01   7.9992809e-02  -1.3376445e-01   2.2368170e-01  -2.2624366e-02   3.7832599e-02  -6.3263896e-02   1.0579026e-01   6.3988495e-03  -1.0700194e-02   1.7892928e-02  -2.9920660e-02   5.0033504e-02  -1.8097866e-03   3.0263359e-03  -5.0606567e-03   8.4624601e-03  -1.4150976e-02   2.3663346e-02   5.1186194e-04  -8.5593857e-04   1.4313055e-03  -2.3934376e-03   4.0023205e-03  -6.6927041e-03   1.1191579e-02
   1.0000000e+00  -3.6348000e-01   3.1213000e-01   1.3211771e-01  -1.1345301e-01   9.7425137e-02  -4.8022145e-02   4.1237901e-02  -3.5412089e-02   3.0409308e-02   1.7455089e-02  -1.4989152e-02   1.2871586e-02  -1.1053175e-02   9.4916573e-03  -6.3445759e-03   5.4482571e-03  -4.6785641e-03   4.0176081e-03  -3.4500276e-03   2.9626310e-03   2.3061264e-03  -1.9803325e-03   1.7005645e-03  -1.4603202e-03   1.2540160e-03  -1.0768571e-03   9.2472601e-04
   1.0000000e+00  -3.0012000e-01   2.7047000e-02   9.0072014e-02  -8.1173456e-03   7.3154021e-04  -2.7032413e-02   2.4361778e-03  -2.1954985e-04   1.9785968e-05   8.1129678e-03  -7.3114567e-04   6.5891300e-05  -5.9381647e-06   5.3515108e-07  -2.4348639e-03   2.1943144e-04  -1.9775297e-05   1.7821620e-06  -1.6060954e-07   1.4474231e-08   7.3075135e-04  -6.5855764e-05   5.9349621e-06  -5.3486246e-07   4.8202136e-08  -4.3440063e-09   3.9148453e-10
   1.0000000e+00  -2.3675000e-01  -2.1418000e-01   5.6050562e-02   5.0707115e-02   4.5873072e-02  -1.3269971e-02  -1.2004909e-02  -1.0860450e-02  -9.8250946e-03   3.1416656e-03   2.8421623e-03   2.5712115e-03   2.3260912e-03   2.1043388e-03  -7.4378932e-04  -6.7288193e-04  -6.0873433e-04  -5.5070208e-04  -4.9820220e-04  -4.5070728e-04   1.7609212e-04   1.5930480e-04   1.4411785e-04   1.3037872e-04   1.1794937e-04   1.0670495e-04   9.6532485e-05
   1.0000000e+00  -6.3940000e-02  -1.8494000e-01   4.0883236e-03   1.1825064e-02   3.4202804e-02  -2.6140741e-04  -7.5609457e-04  -2.1869273e-03  -6.3254665e-03   1.6714390e-05   4.8344687e-05   1.3983213e-04   4.0445033e-04   1.1698318e-03  -1.0687181e-06  -3.0911593e-06  -8.9408663e-06  -2.5860554e-05  -7.4799044e-05  -2.1634869e-04   6.8333835e-08   1.9764872e-07   5.7167899e-07   1.6535238e-06   4.7826509e-06   1.3833335e-05   4.0011526e-05
   1.0000000e+00   6.2788000e-02  -1.6301000e-01   3.9423329e-03  -1.0235072e-02   2.6572260e-02   2.4753120e-04  -6.4263969e-04   1.6684191e-03  -4.3315441e-03   1.5541989e-05  -4.0350061e-05   1.0475670e-04  -2.7196899e-04   7.0608501e-04   9.7585041e-07  -2.5334996e-06   6.5774635e-06  -1.7076389e-05   4.4333665e-05  -1.1509892e-04   6.1271695e-08  -1.5907337e-07   4.1298578e-07  -1.0721923e-06   2.7836222e-06  -7.2268308e-06   1.8762274e-05
   1.0000000e+00   2.2984000e-01  -4.1155000e-01   5.2826426e-02  -9.4590652e-02   1.6937340e-01   1.2141626e-02  -2.1740715e-02   3.8928783e-02  -6.9705624e-02   2.7906312e-03  -4.9968860e-03   8.9473914e-03  -1.6021141e-02   2.8687349e-02   6.4139868e-04  -1.1484843e-03   2.0564684e-03  -3.6822989e-03   6.5935004e-03  -1.1806279e-02   1.4741907e-04  -2.6396763e-04   4.7265871e-04  -8.4633959e-04   1.5154501e-03  -2.7135551e-03   4.8588740e-03
   1.0000000e+00   2.9320000e-01  -2.2880000e-01   8.5966240e-02  -6.7084160e-02   5.2349440e-02   2.5205302e-02  -1.9669076e-02   1.5348856e-02  -1.1977552e-02   7.3901944e-03  -5.7669730e-03   4.5002845e-03  -3.5118182e-03   2.7404639e-03   2.1668050e-03  -1.6908765e-03   1.3194834e-03  -1.0296651e-03   8.0350401e-04  -6.2701813e-04   6.3530723e-04  -4.9576498e-04   3.8687254e-04  -3.0189781e-04   2.3558737e-04  -1.8384172e-04   1.4346175e-04
   1.0000000e+00   4.8329000e-01  -1.8494000e-01   2.3356922e-01  -8.9379653e-02   3.4202804e-02   1.1288167e-01  -4.3196292e-02   1.6529873e-02  -6.3254665e-03   5.4554582e-02  -2.0876336e-02   7.9887223e-03  -3.0570347e-03   1.1698318e-03   2.6365684e-02  -1.0089324e-02   3.8608696e-03  -1.4774343e-03   5.6536800e-04  -2.1634869e-04   1.2742271e-02  -4.8760696e-03   1.8659197e-03  -7.1402922e-04   2.7323670e-04  -1.0455916e-04   4.0011526e-05
   1.0000000e+00   6.4459000e-01  -1.4108000e-01   4.1549627e-01  -9.0938757e-02   1.9903566e-02   2.6782474e-01  -5.8618214e-02   1.2829640e-02  -2.8079951e-03   1.7263715e-01  -3.7784714e-02   8.2698576e-03  -1.8100056e-03   3.9615196e-04   1.1128018e-01  -2.4355649e-02   5.3306675e-03  -1.1667115e-03   2.5535559e-04  -5.5889118e-05   7.1730091e-02  -1.5699408e-02   3.4360950e-03  -7.5205057e-04   1.6459966e-04  -3.6025566e-05   7.8848367e-06
   1.0000000e+00   4.6025000e-01   1.2427000e-02   2.1183006e-01   5.7195268e-03   1.5443033e-04   9.7494786e-02   2.6324122e-03   7.1076559e-05   1.9191057e-06   4.4871975e-02   1.2115677e-03   3.2712986e-05   8.8326840e-07   2.3848727e-08   2.0652327e-02   5.5762404e-04   1.5056152e-05   4.0652428e-07   1.0976376e-08   2.9636812e-10   9.5052333e-03   2.5664646e-04   6.9295939e-06   1.8710280e-07   5.0518772e-09   1.3640343e-10   3.6829667e-12
   1.0000000e+00   6.2730000e-01   1.5863000e-01   3.9350529e-01   9.9508599e-02   2.5163477e-02   2.4684587e-01   6.2421744e-02   1.5785049e-02   3.9916823e-03   1.5484641e-01   3.9157160e-02   9.9019613e-03   2.5039823e-03   6.3320057e-04   9.7135155e-02   2.4563287e-02   6.2115003e-03   1.5707481e-03   3.9720672e-04   1.0044461e-04   6.0932883e-02   1.5408550e-02   3.8964741e-03   9.8533029e-04   2.4916777e-04   6.3008902e-05   1.5933528e-05
   1.0000000e+00   5.7546000e-01   2.6827000e-01   3.3115421e-01   1.5437865e-01   7.1968793e-02   1.9056600e-01   8.8838740e-02   4.1415162e-02   1.9307068e-02   1.0966311e-01   5.1123142e-02   2.3832769e-02   1.1110445e-02   5.1795072e-03   6.3106734e-02   2.9419323e-02   1.3714805e-02   6.3936169e-03   2.9805992e-03   1.3895064e-03   3.6315401e-02   1.6929644e-02   7.8923218e-03   3.6792708e-03   1.7152156e-03   7.9960534e-04   3.7276288e-04
   1.0000000e+00   7.2523000e-01   4.4371000e-01   5.2595855e-01   3.2179180e-01   1.9687856e-01   3.8144092e-01   2.3337307e-01   1.4278224e-01   8.7356988e-02   2.7663240e-01   1.6924915e-01   1.0354996e-01   6.3353908e-02   3.8761169e-02   2.0062211e-01   1.2274456e-01   7.5097541e-02   4.5946155e-02   2.8110763e-02   1.7198718e-02   1.4549718e-01   8.9018039e-02   5.4462990e-02   3.3321530e-02   2.0386768e-02   1.2473026e-02   7.6312433e-03
   1.0000000e+00   2.2408000e-01   5.2412000e-01   5.0211846e-02   1.1744481e-01   2.7470177e-01   1.1251471e-02   2.6317033e-02   6.1555174e-02   1.4397669e-01   2.5212295e-03   5.8971207e-03   1.3793283e-02   3.2262298e-02   7.5461065e-02   5.6495711e-04   1.3214268e-03   3.0907989e-03   7.2293356e-03   1.6909315e-02   3.9550653e-02   1.2659559e-04   2.9610532e-04   6.9258622e-04   1.6199495e-03   3.7890394e-03   8.8625104e-03   2.0729288e-02
   1.0000000e+00   4.4297000e-01   6.7032000e-01   1.9622242e-01   2.9693165e-01   4.4932890e-01   8.6920646e-02   1.3153181e-01   1.9903922e-01   3.0119415e-01   3.8503238e-02   5.8264647e-02   8.8168405e-02   1.3341997e-01   2.0189646e-01   1.7055780e-02   2.5809491e-02   3.9055958e-02   5.9101045e-02   8.9434076e-02   1.3533524e-01   7.5551987e-03   1.1432830e-02   1.7300618e-02   2.6179990e-02   3.9616613e-02   5.9949450e-02   9.0717916e-02
   1.0000000e+00   3.2200000e-01   6.9225000e-01   1.0368400e-01   2.2290450e-01   4.7921006e-01   3.3386248e-02   7.1775249e-02   1.5430564e-01   3.3173317e-01   1.0750372e-02   2.3111630e-02   4.9686416e-02   1.0681808e-01   2.2964228e-01   3.4616197e-03   7.4419449e-03   1.5999026e-02   3.4395422e-02   7.3944815e-02   1.5896987e-01   1.1146416e-03   2.3963063e-03   5.1516864e-03   1.1075326e-02   2.3810231e-02   5.1188298e-02   1.1004689e-01
   1.0000000e+00   1.3767000e-01   5.7529000e-01   1.8953029e-02   7.9200174e-02   3.3095858e-01   2.6092635e-03   1.0903488e-02   4.5563068e-02   1.9039716e-01   3.5921730e-04   1.5010832e-03   6.2726676e-03   2.6211978e-02   1.0953358e-01   4.9453446e-05   2.0665412e-04   8.6355815e-04   3.6086029e-03   1.5079489e-02   6.3013576e-02   6.8082560e-06   2.8450073e-05   1.1888605e-04   4.9679637e-04   2.0759932e-03   8.6750790e-03   3.6251080e-02
   1.0000000e+00  -6.3364000e-03   3.9985000e-01   4.0149965e-05  -2.5336095e-03   1.5988002e-01  -2.5440624e-07   1.6053963e-05  -1.0130638e-03   6.3928027e-02   1.6120197e-09  -1.0172433e-07   6.4191773e-06  -4.0507355e-04   2.5561622e-02  -1.0214402e-11   6.4456607e-10  -4.0674475e-08   2.5667080e-06  -1.6196866e-04   1.0220814e-02   6.4722534e-14  -4.0842285e-12   2.5772974e-10  -1.6263689e-08   1.0262982e-06  -6.4763168e-05   4.0867926e-03
   1.0000000e+00  -9.2742000e-02   5.5336000e-01   8.6010786e-03  -5.1319713e-02   3.0620729e-01  -7.9768123e-04   4.7594928e-03  -2.8398276e-02   1.6944287e-01   7.3978552e-05  -4.4140488e-04   2.6337130e-03  -1.5714470e-02   9.3762904e-02  -6.8609189e-06   4.0936772e-05  -2.4425581e-04   1.4573914e-03  -8.6957593e-03   5.1884641e-02   6.3629534e-07  -3.7965581e-06   2.2652772e-05  -1.3516139e-04   8.0646211e-04  -4.8118853e-03   2.8710885e-02
   1.0000000e+00  -2.0795000e-01   3.5599000e-01   4.3243203e-02  -7.4028120e-02   1.2672888e-01  -8.9924240e-03   1.5394148e-02  -2.6353271e-02   4.5114214e-02   1.8699746e-03  -3.2012130e-03   5.4801626e-03  -9.3815008e-03   1.6060209e-02  -3.8886121e-04   6.6569224e-04  -1.1395998e-03   1.9508831e-03  -3.3397205e-03   5.7172738e-03   8.0863689e-05  -1.3843070e-04   2.3697978e-04  -4.0568614e-04   6.9449487e-04  -1.1889071e-03   2.0352923e-03
   1.0000000e+00  -2.0795000e-01   1.7325000e-01   4.3243203e-02  -3.6027337e-02   3.0015562e-02  -8.9924240e-03   7.4918848e-03  -6.2417362e-03   5.2001962e-03   1.8699746e-03  -1.5579375e-03   1.2979690e-03  -1.0813808e-03   9.0093399e-04  -3.8886121e-04   3.2397309e-04  -2.6991266e-04   2.2487314e-04  -1.8734922e-04   1.5608681e-04   8.0863689e-05  -6.7370205e-05   5.6128338e-05  -4.6762369e-05   3.8959271e-05  -3.2458253e-05   2.7042041e-05
   1.0000000e+00  -4.3836000e-01   2.1711000e-01   1.9215949e-01  -9.5172340e-02   4.7136752e-02  -8.4235034e-02   4.1719747e-02  -2.0662867e-02   1.0233860e-02   3.6925269e-02  -1.8288268e-02   9.0577742e-03  -4.4861150e-03   2.2218734e-03  -1.6186561e-02   8.0168452e-03  -3.9705659e-03   1.9665334e-03  -9.7398042e-04   4.8239093e-04   7.0955409e-03  -3.5142643e-03   1.7405373e-03  -8.6204956e-04   4.2695406e-04  -2.1146089e-04   1.0473190e-04
   1.0000000e+00  -2.1947000e-01  -1.6813000e-02   4.8167081e-02   3.6899491e-03   2.8267697e-04  -1.0571229e-02  -8.0983313e-04  -6.2039114e-05  -4.7526479e-06   2.3200677e-03   1.7773408e-04   1.3615724e-05   1.0430636e-06   7.9906269e-08  -5.0918525e-04  -3.9007298e-05  -2.9882430e-06  -2.2892117e-07  -1.7537029e-08  -1.3434641e-09   1.1175089e-04   8.5609317e-06   6.5582970e-07   5.0241330e-08   3.8488517e-09   2.9485007e-10   2.2587662e-11
   1.0000000e+00  -1.3882000e-01  -2.7266000e-01   1.9270992e-02   3.7850661e-02   7.4343476e-02  -2.6751992e-03  -5.2544288e-03  -1.0320361e-02  -2.0270492e-02   3.7137115e-04   7.2941980e-04   1.4326726e-03   2.8139497e-03   5.5269524e-03  -5.1553743e-05  -1.0125806e-04  -1.9888360e-04  -3.9063250e-04  -7.6725153e-04  -1.5069788e-03   7.1566906e-06   1.4056644e-05   2.7609022e-05   5.4227603e-05   1.0650986e-04   2.0919880e-04   4.1089285e-04
   1.0000000e+00   1.8376000e-01   9.3348000e-01   3.3767738e-02   1.7153628e-01   8.7138491e-01   6.2051595e-03   3.1521508e-02   1.6012569e-01   8.1342039e-01   1.1402601e-03   5.7923923e-03   2.9424697e-02   1.4947413e-01   7.5931166e-01   2.0953420e-04   1.0644100e-03   5.4070823e-03   2.7467366e-02   1.3953111e-01   7.0880225e-01   3.8504004e-05   1.9559598e-04   9.9360545e-04   5.0474032e-03   2.5640237e-02   1.3024950e-01   6.6165272e-01
   1.0000000e+00   2.2408000e-01   7.7997000e-01   5.0211846e-02   1.7477568e-01   6.0835320e-01   1.1251471e-02   3.9163734e-02   1.3631979e-01   4.7449725e-01   2.5212295e-03   8.7758095e-03   3.0546537e-02   1.0632534e-01   3.7009362e-01   5.6495711e-04   1.9664834e-03   6.8448681e-03   2.3825383e-02   8.2930578e-02   2.8866192e-01   1.2659559e-04   4.4064960e-04   1.5337980e-03   5.3387918e-03   1.8583084e-02   6.4683363e-02   2.2514764e-01
   1.0000000e+00   2.9896000e-01   6.1915000e-01   8.9377082e-02   1.8510108e-01   3.8334672e-01   2.6720172e-02   5.5337820e-02   1.1460534e-01   2.3734912e-01   7.9882627e-03   1.6543795e-02   3.4262411e-02   7.0957894e-02   1.4695471e-01   2.3881710e-03   4.9459329e-03   1.0243090e-02   2.1213572e-02   4.3933580e-02   9.0987008e-02   7.1396761e-04   1.4786361e-03   3.0622743e-03   6.3420095e-03   1.3134383e-02   2.7201476e-02   5.6334606e-02
   1.0000000e+00   5.0634000e-01   7.5804000e-01   2.5638020e-01   3.8382597e-01   5.7462464e-01   1.2981555e-01   1.9434644e-01   2.9095544e-01   4.3558846e-01   6.5730805e-02   9.8405378e-02   1.4732238e-01   2.2055586e-01   3.3019348e-01   3.3282136e-02   4.9826579e-02   7.4595213e-02   1.1167626e-01   1.6719017e-01   2.5029986e-01   1.6852077e-02   2.5229190e-02   3.7770540e-02   5.6546155e-02   8.4655069e-02   1.2673683e-01   1.8973731e-01
   1.0000000e+00   6.1578000e-01   7.2880000e-01   3.7918501e-01   4.4878046e-01   5.3114944e-01   2.3349454e-01   2.7635003e-01   3.2707120e-01   3.8710171e-01   1.4378127e-01   1.7017082e-01   2.0140390e-01   2.3836949e-01   2.8211973e-01   8.8537631e-02   1.0478779e-01   1.2402050e-01   1.4678317e-01   1.7372369e-01   2.0560886e-01   5.4519702e-02   6.4526225e-02   7.6369341e-02   9.0386138e-02   1.0697557e-01   1.2660982e-01   1.4984774e-01
   1.0000000e+00   6.0426000e-01   5.9722000e-01   3.6513015e-01   3.6087616e-01   3.5667173e-01   2.2063354e-01   2.1806303e-01   2.1552246e-01   2.1301149e-01   1.3332002e-01   1.3176676e-01   1.3023160e-01   1.2871432e-01   1.2721472e-01   8.0559958e-02   7.9621385e-02   7.8693747e-02   7.7776917e-02   7.6870768e-02   7.5975176e-02   4.8679160e-02   4.8112018e-02   4.7551484e-02   4.6997480e-02   4.6449930e-02   4.5908760e-02   4.5373895e-02
   1.0000000e+00   7.6555000e-01   5.0219000e-01   5.8606680e-01   3.8445155e-01   2.5219480e-01   4.4866344e-01   2.9431689e-01   1.9306773e-01   1.2664970e-01   3.4347430e-01   2.2531429e-01   1.4780300e-01   9.6956681e-02   6.3602215e-02   2.6294675e-01   1.7248936e-01   1.1315058e-01   7.4225187e-02   4.8690676e-02   3.1940396e-02   2.0129888e-01   1.3204923e-01   8.6622430e-02   5.6823092e-02   3.7275147e-02   2.4451970e-02   1.6040148e-02
   1.0000000e+00   9.2684000e-01   3.6330000e-01   8.5903239e-01   3.3672097e-01   1.3198689e-01   7.9618558e-01   3.1208647e-01   1.2233073e-01   4.7950837e-02   7.3793664e-01   2.8925422e-01   1.1338101e-01   4.4442754e-02   1.7420539e-02   6.8394919e-01   2.6809238e-01   1.0508606e-01   4.1191322e-02   1.6146052e-02   6.3288819e-03   6.3391147e-01   2.4847874e-01   9.7397962e-02   3.8177765e-02   1.4964807e-02   5.8658609e-03   2.2992828e-03
   1.0000000e+00   8.2316000e-01   2.7558000e-01   6.7759239e-01   2.2684643e-01   7.5944336e-02   5.5776695e-01   1.8673091e-01   6.2514340e-02   2.0928740e-02   4.5913144e-01   1.5370942e-01   5.1459304e-02   1.7227702e-02   5.7675422e-03   3.7793864e-01   1.2652744e-01   4.2359241e-02   1.4181155e-02   4.7476101e-03   1.5894193e-03   3.1110397e-01   1.0415233e-01   3.4868433e-02   1.1673360e-02   3.9080427e-03   1.3083464e-03   4.3801217e-04
   1.0000000e+00   9.6141000e-01   8.5526000e-02   9.2430919e-01   8.2225552e-02   7.3146967e-03   8.8864010e-01   7.9052468e-02   7.0324225e-03   6.2559675e-04   8.5434748e-01   7.6001833e-02   6.7610413e-03   6.0145497e-04   5.3504787e-05   8.2137821e-01   7.3068922e-02   6.5001328e-03   5.7824482e-04   5.1440038e-05   4.5760505e-06   7.8968122e-01   7.0249192e-02   6.2492926e-03   5.5593035e-04   4.9454967e-05   4.3994607e-06   3.9137129e-07
   1.0000000e+00   9.3836000e-01   1.2427000e-02   8.8051949e-01   1.1661000e-02   1.5443033e-04   8.2624427e-01   1.0942216e-02   1.4491124e-04   1.9191057e-06   7.7531457e-01   1.0267738e-02   1.3597891e-04   1.8008120e-06   2.3848727e-08   7.2752418e-01   9.6348342e-03   1.2759717e-04   1.6898100e-06   2.2378691e-08   2.9636812e-10   6.8267959e-01   9.0409430e-03   1.1973208e-04   1.5856501e-06   2.0999268e-08   2.7809999e-10   3.6829667e-12
   1.0000000e+00   8.6348000e-01  -8.2602000e-02   7.4559771e-01  -7.1325175e-02   6.8230904e-03   6.4380871e-01  -6.1587862e-02   5.8916021e-03  -5.6360091e-04   5.5591595e-01  -5.3179887e-02   5.0872806e-03  -4.8665812e-04   4.6554563e-05   4.8002230e-01  -4.5919769e-02   4.3927650e-03  -4.2021955e-04   4.0198934e-05  -3.8455000e-06   4.1448966e-01  -3.9650802e-02   3.7930648e-03  -3.6285118e-04   3.4710975e-05  -3.3205123e-06   3.1764599e-07
   1.0000000e+00   8.9804000e-01  -2.0687000e-01   8.0647584e-01  -1.8577753e-01   4.2795197e-02   7.2424756e-01  -1.6683566e-01   3.8431799e-02  -8.8530424e-03   6.5040328e-01  -1.4982509e-01   3.4513292e-02  -7.9503862e-03   1.8314289e-03   5.8408816e-01  -1.3454893e-01   3.0994317e-02  -7.1397648e-03   1.6446964e-03  -3.7886769e-04   5.2453454e-01  -1.2083032e-01   2.7834137e-02  -6.4117944e-03   1.4770031e-03  -3.4023834e-04   7.8376359e-05
   1.0000000e+00   8.5196000e-01  -3.6769000e-01   7.2583584e-01  -3.1325717e-01   1.3519594e-01   6.1838310e-01  -2.6688258e-01   1.1518153e-01  -4.9710194e-02   5.2683767e-01  -2.2737328e-01   9.8130056e-02  -4.2351097e-02   1.8277941e-02   4.4884462e-01  -1.9371294e-01   8.3602883e-02  -3.6081440e-02   1.5572075e-02  -6.7206162e-03   3.8239766e-01  -1.6503568e-01   7.1226312e-02  -3.0739944e-02   1.3266785e-02  -5.7256962e-03   2.4711034e-03
   1.0000000e+00   8.2892000e-01  -5.2120000e-01   6.8710837e-01  -4.3203310e-01   2.7164944e-01   5.6955787e-01  -3.5812088e-01   2.2517565e-01  -1.4158369e-01   4.7211791e-01  -2.9685356e-01   1.8665260e-01  -1.1736155e-01   7.3793418e-02   3.9134798e-01  -2.4606785e-01   1.5472008e-01  -9.7283337e-02   6.1168840e-02  -3.8461130e-02   3.2439616e-01  -2.0397056e-01   1.2825057e-01  -8.0640103e-02   5.0704075e-02  -3.1881200e-02   2.0045941e-02
   1.0000000e+00   7.9435000e-01  -5.5775000e-01   6.3099192e-01  -4.4304871e-01   3.1108506e-01   5.0122843e-01  -3.5193574e-01   2.4711042e-01  -1.7350769e-01   3.9815081e-01  -2.7956016e-01   1.9629216e-01  -1.3782584e-01   9.6773916e-02   3.1627109e-01  -2.2206861e-01   1.5592468e-01  -1.0948195e-01   7.6872360e-02  -5.3975652e-02   2.5122994e-01  -1.7640020e-01   1.2385877e-01  -8.6966989e-02   6.1063559e-02  -4.2875559e-02   3.0104920e-02
   1.0000000e+00   5.9274000e-01  -7.4050000e-01   3.5134071e-01  -4.3892397e-01   5.4834025e-01   2.0825369e-01  -2.6016779e-01   3.2502320e-01  -4.0604596e-01   1.2344029e-01  -1.5421186e-01   1.9265425e-01  -2.4067968e-01   3.0067703e-01   7.3167999e-02  -9.1407537e-02   1.1419388e-01  -1.4266047e-01   1.7822330e-01  -2.2265134e-01   4.3369600e-02  -5.4180903e-02   6.7687281e-02  -8.4560569e-02   1.0564008e-01  -1.3197436e-01   1.6487332e-01
   1.0000000e+00   5.1786000e-01  -5.9430000e-01   2.6817898e-01  -3.0776420e-01   3.5319249e-01   1.3887917e-01  -1.5937877e-01   1.8290426e-01  -2.0990230e-01   7.1919965e-02  -8.2535889e-02   9.4718802e-02  -1.0870000e-01   1.2474493e-01   3.7244473e-02  -4.2742035e-02   4.9051079e-02  -5.6291384e-02   6.4600412e-02  -7.4135915e-02   1.9287423e-02  -2.2134390e-02   2.5401592e-02  -2.9151056e-02   3.3453969e-02  -3.8392025e-02   4.4058974e-02
   1.0000000e+00   4.6601000e-01  -4.1886000e-01   2.1716532e-01  -1.9519295e-01   1.7544370e-01   1.0120121e-01  -9.0961866e-02   8.1758518e-02  -7.3486348e-02   4.7160776e-02  -4.2389139e-02   3.8100287e-02  -3.4245373e-02   3.0780492e-02   2.1977393e-02  -1.9753763e-02   1.7755115e-02  -1.5958686e-02   1.4344017e-02  -1.2892717e-02   1.0241685e-02  -9.2054510e-03   8.2740611e-03  -7.4369074e-03   6.6844553e-03  -6.0081349e-03   5.4002433e-03
   1.0000000e+00   3.5081000e-01  -5.7968000e-01   1.2306766e-01  -2.0335754e-01   3.3602890e-01   4.3173364e-02  -7.1339859e-02   1.1788230e-01  -1.9478923e-01   1.5145648e-02  -2.5026736e-02   4.1354289e-02  -6.8334011e-02   1.1291542e-01   5.3132448e-03  -8.7796292e-03   1.4507498e-02  -2.3972254e-02   3.9611860e-02  -6.5454813e-02   1.8639394e-03  -3.0799817e-03   5.0893755e-03  -8.4097066e-03   1.3896236e-02  -2.2962203e-02   3.7942846e-02
   1.0000000e+00   2.8744000e-01  -7.6974000e-01   8.2621754e-02  -2.2125407e-01   5.9249967e-01   2.3748797e-02  -6.3597269e-02   1.7030810e-01  -4.5607069e-01   6.8263542e-03  -1.8280399e-02   4.8953362e-02  -1.3109296e-01   3.5105586e-01   1.9621672e-03  -5.2545179e-03   1.4071154e-02  -3.7681361e-02   1.0090750e-01  -2.7022173e-01   5.6400535e-04  -1.5103586e-03   4.0446126e-03  -1.0831130e-02   2.9004850e-02  -7.7672535e-02   2.0800048e-01
   1.0000000e+00   8.5829000e-02  -7.5512000e-01   7.3666172e-03  -6.4811194e-02   5.7020621e-01   6.3226939e-04  -5.5626800e-03   4.8940229e-02  -4.3057412e-01   5.4267050e-05  -4.7743926e-04   4.2004909e-03  -3.6955746e-02   3.2513513e-01   4.6576866e-06  -4.0978134e-05   3.6052394e-04  -3.1718747e-03   2.7906023e-02  -2.4551604e-01   3.9976458e-07  -3.5171123e-06   3.0943409e-05  -2.7223883e-04   2.3951460e-03  -2.1072396e-02   1.8539407e-01
   1.0000000e+00   1.4919000e-01  -5.7968000e-01   2.2257656e-02  -8.6482459e-02   3.3602890e-01   3.3206197e-03  -1.2902318e-02   5.0132152e-02  -1.9478923e-01   4.9540326e-04  -1.9248968e-03   7.4792157e-03  -2.9060606e-02   1.1291542e-01   7.3909212e-05  -2.8717536e-04   1.1158242e-03  -4.3355518e-03   1.6845852e-02  -6.5454813e-02   1.1026515e-05  -4.2843692e-05   1.6646981e-04  -6.4682097e-04   2.5132327e-03  -9.7652035e-03   3.7942846e-02
   1.0000000e+00  -1.3306000e-01  -4.4810000e-01   1.7704964e-02   5.9624186e-02   2.0079361e-01  -2.3558225e-03  -7.9335942e-03  -2.6717598e-02  -8.9975617e-02   3.1346574e-04   1.0556440e-03   3.5550436e-03   1.1972156e-02   4.0318074e-02  -4.1709751e-05  -1.4046400e-04  -4.7303410e-04  -1.5930150e-03  -5.3647229e-03  -1.8066529e-02   5.5498994e-06   1.8690139e-05   6.2941917e-05   2.1196658e-04   7.1383003e-04   2.4039323e-03   8.0956116e-03
   1.0000000e+00  -4.0956000e-01  -4.1155000e-01   1.6773939e-01   1.6855442e-01   1.6937340e-01  -6.8699346e-02  -6.9033147e-02  -6.9368571e-02  -6.9705624e-02   2.8136504e-02   2.8273216e-02   2.8410592e-02   2.8548635e-02   2.8687349e-02  -1.1523587e-02  -1.1579578e-02  -1.1635842e-02  -1.1692379e-02  -1.1749191e-02  -1.1806279e-02   4.7196001e-03   4.7425321e-03   4.7655754e-03   4.7887308e-03   4.8119986e-03   4.8353795e-03   4.8588740e-03
   1.0000000e+00  -3.9228000e-01  -2.5804000e-01   1.5388360e-01   1.0122393e-01   6.6584642e-02  -6.0365458e-02  -3.9708124e-02  -2.6119823e-02  -1.7181501e-02   2.3680162e-02   1.5576703e-02   1.0246284e-02   6.7399592e-03   4.4335145e-03  -9.2892539e-03  -6.1104290e-03  -4.0194124e-03  -2.6439512e-03  -1.7391791e-03  -1.1440241e-03   3.6439885e-03   2.3969991e-03   1.5767351e-03   1.0371692e-03   6.8224516e-04   4.4877777e-04   2.9520397e-04
   1.0000000e+00  -7.4366000e-01  -2.5804000e-01   5.5303020e-01   1.9189403e-01   6.6584642e-02  -4.1126644e-01  -1.4270391e-01  -4.9516335e-02  -1.7181501e-02   3.0584240e-01   1.0612319e-01   3.6823317e-02   1.2777195e-02   4.4335145e-03  -2.2744276e-01  -7.8919572e-02  -2.7384028e-02  -9.5018888e-03  -3.2970274e-03  -1.1440241e-03   1.6914008e-01   5.8689329e-02   2.0364406e-02   7.0661746e-03   2.4518674e-03   8.5076495e-04   2.9520397e-04
   1.0000000e+00  -6.9758000e-01   4.1667000e-02   4.8661786e-01  -2.9066066e-02   1.7361389e-03  -3.3945488e-01   2.0275906e-02  -1.2110958e-03   7.2339699e-05   2.3679694e-01  -1.4144067e-02   8.4483618e-04  -5.0462727e-05   3.0141782e-06  -1.6518481e-01   9.8666180e-03  -5.8934083e-04   3.5201789e-05  -2.1026305e-06   1.2559176e-07   1.1522962e-01  -6.8827554e-03   4.1111237e-04  -2.4556064e-05   1.4667530e-06  -8.7610303e-08   5.2330321e-09
   1.0000000e+00  -7.5518000e-01   2.9020000e-01   5.7029683e-01  -2.1915324e-01   8.4216040e-02  -4.3067676e-01   1.6550014e-01  -6.3598269e-02   2.4439495e-02   3.2523848e-01  -1.2498240e-01   4.8028141e-02  -1.8456218e-02   7.0923414e-03  -2.4561359e-01   9.4384206e-02  -3.6269891e-02   1.3937766e-02  -5.3559944e-03   2.0581975e-03   1.8548247e-01  -7.1277065e-02   2.7390297e-02  -1.0525522e-02   4.0447398e-03  -1.5543096e-03   5.9728891e-04
   1.0000000e+00  -6.9758000e-01   6.8494000e-01   4.8661786e-01  -4.7780045e-01   4.6914280e-01  -3.3945488e-01   3.3330403e-01  -3.2726464e-01   3.2133467e-01   2.3679694e-01  -2.3250623e-01   2.2829327e-01  -2.2415664e-01   2.2009497e-01  -1.6518481e-01   1.6219169e-01  -1.5925282e-01   1.5636719e-01  -1.5353385e-01   1.5075185e-01   1.1522962e-01  -1.1314168e-01   1.1109158e-01  -1.0907862e-01   1.0710214e-01  -1.0516147e-01   1.0325597e-01
   1.0000000e+00  -4.0380000e-01   7.0687000e-01   1.6305444e-01  -2.8543411e-01   4.9966520e-01  -6.5841383e-02   1.1525829e-01  -2.0176481e-01   3.5319834e-01   2.6586750e-02  -4.6541298e-02   8.1472629e-02  -1.4262149e-01   2.4966531e-01  -1.0735730e-02   1.8793376e-02  -3.2898648e-02   5.7590557e-02  -1.0081485e-01   1.7648092e-01   4.3350877e-03  -7.5887653e-03   1.3284474e-02  -2.3255067e-02   4.0709037e-02  -7.1262994e-02   1.2474907e-01
   1.0000000e+00  -3.8076000e-01   9.1886000e-01   1.4497818e-01  -3.4986513e-01   8.4430370e-01  -5.5201891e-02   1.3321465e-01  -3.2147708e-01   7.7579690e-01   2.1018672e-02  -5.0722809e-02   1.2240561e-01  -2.9539243e-01   7.1284874e-01  -8.0030695e-03   1.9313217e-02  -4.6607161e-02   1.1247362e-01  -2.7142429e-01   6.5500819e-01   3.0472488e-03  -7.3537005e-03   1.7746143e-02  -4.2825456e-02   1.0334751e-01  -2.4940092e-01   6.0186083e-01
   1.0000000e+00  -5.0749000e-01   9.0424000e-01   2.5754610e-01  -4.5889276e-01   8.1764998e-01  -1.3070207e-01   2.3288349e-01  -4.1494919e-01   7.3935182e-01   6.6329994e-02  -1.1818604e-01   2.1058256e-01  -3.7521365e-01   6.6855149e-01  -3.3661808e-02   5.9978233e-02  -1.0686854e-01   1.9041718e-01  -3.3928319e-01   6.0453100e-01   1.7083031e-02  -3.0438354e-02   5.4234718e-02  -9.6634813e-02   1.7218283e-01  -3.0679343e-01   5.4664111e-01
   1.0000000e+00  -5.4781000e-01   7.0687000e-01   3.0009580e-01  -3.8723045e-01   4.9966520e-01  -1.6439548e-01   2.1212872e-01  -2.7372159e-01   3.5319834e-01   9.0057487e-02  -1.1620623e-01   1.4994743e-01  -1.9348558e-01   2.4966531e-01  -4.9334392e-02   6.3658936e-02  -8.2142699e-02   1.0599334e-01  -1.3676915e-01   1.7648092e-01   2.7025873e-02  -3.4873002e-02   4.4998592e-02  -5.8064210e-02   7.4923510e-02  -9.6678011e-02   1.2474907e-01
   1.0000000e+00   1.0311000e-01   7.7997000e-01   1.0631672e-02   8.0422707e-02   6.0835320e-01   1.0962317e-03   8.2923853e-03   6.2727299e-02   4.7449725e-01   1.1303245e-04   8.5502785e-04   6.4678118e-03   4.8925411e-02   3.7009362e-01   1.1654776e-05   8.8161921e-05   6.6689607e-04   5.0446991e-03   3.8160353e-02   2.8866192e-01   1.2017240e-06   9.0903757e-06   6.8763654e-05   5.2015893e-04   3.9347140e-03   2.9763930e-02   2.2514764e-01
   1.0000000e+00   5.7028000e-02   9.1886000e-01   3.2521928e-03   5.2400748e-02   8.4430370e-01   1.8546605e-04   2.9883099e-03   4.8148951e-02   7.7579690e-01   1.0576758e-05   1.7041733e-04   2.7458384e-03   4.4242145e-02   7.1284874e-01   6.0317135e-07   9.7185598e-06   1.5658967e-04   2.5230411e-03   4.0652338e-02   6.5500819e-01   3.4397656e-08   5.5423003e-07   8.9299958e-06   1.4388399e-04   2.3183215e-03   3.7353807e-02   6.0186083e-01
   1.0000000e+00  -1.0426000e-01   9.9196000e-01   1.0870148e-02  -1.0342175e-01   9.8398464e-01  -1.1333216e-03   1.0782752e-02  -1.0259024e-01   9.7607341e-01   1.1816011e-04  -1.1242097e-03   1.0696058e-02  -1.0176541e-01   9.6822577e-01  -1.2319373e-05   1.1721010e-04  -1.1151710e-03   1.0610062e-02  -1.0094722e-01   9.6044124e-01   1.2844178e-06  -1.2220325e-05   1.1626773e-04  -1.1062051e-03   1.0524757e-02  -1.0013560e-01   9.5271929e-01
   1.0000000e+00  -8.1221000e-02   1.1089000e+00   6.5968508e-03  -9.0065967e-02   1.2296592e+00  -5.3580282e-04   7.3152479e-03  -9.9874151e-02   1.3635691e+00   4.3518441e-05  -5.9415175e-04   8.1118784e-03  -1.1075045e-01   1.5120618e+00  -3.5346113e-06   4.8257599e-05  -6.5885488e-04   8.9952620e-03  -1.2281117e-01   1.6767253e+00   2.8708466e-07  -3.9195305e-06   5.3512852e-05  -7.3060417e-04   9.9748460e-03  -1.3618531e-01   1.8593207e+00
   1.0000000e+00   2.8744000e-01   1.0870000e+00   8.2621754e-02   3.1244728e-01   1.1815690e+00   2.3748797e-02   8.9809846e-02   3.3963019e-01   1.2843655e+00   6.8263542e-03   2.5814942e-02   9.7623303e-02   3.6917802e-01   1.3961053e+00   1.9621672e-03   7.4202470e-03   2.8060842e-02   1.0611653e-01   4.0129651e-01   1.5175665e+00   5.6400535e-04   2.1328758e-03   8.0658085e-03   3.0502135e-02   1.1534867e-01   4.3620930e-01   1.6495947e+00
   1.0000000e+00   3.9689000e-01   8.2383000e-01   1.5752167e-01   3.2696989e-01   6.7869587e-01   6.2518776e-02   1.2977108e-01   2.6936760e-01   5.5913002e-01   2.4813077e-02   5.1504844e-02   1.0690931e-01   2.2191311e-01   4.6062808e-01   9.8480622e-03   2.0441757e-02   4.2431235e-02   8.8075095e-02   1.8281868e-01   3.7947923e-01   3.9085974e-03   8.1131291e-03   1.6840533e-02   3.4956125e-02   7.2558906e-02   1.5061151e-01   3.1262638e-01
   1.0000000e+00   6.3882000e-01   8.8962000e-01   4.0809099e-01   5.6830705e-01   7.9142374e-01   2.6069669e-01   3.6304591e-01   5.0557732e-01   7.0406639e-01   1.6653826e-01   2.3192099e-01   3.2297290e-01   4.4977169e-01   6.2635154e-01   1.0638797e-01   1.4815577e-01   2.0632155e-01   2.8732315e-01   4.0012589e-01   5.5721486e-01   6.7962763e-02   9.4644866e-02   1.3180233e-01   1.8354778e-01   2.5560842e-01   3.5596000e-01   4.9570948e-01
   1.0000000e+00   8.2316000e-01   6.6301000e-01   6.7759239e-01   5.4576331e-01   4.3958226e-01   5.5776695e-01   4.4925053e-01   3.6184653e-01   2.9144743e-01   4.5913144e-01   3.6980506e-01   2.9785759e-01   2.3990787e-01   1.9323256e-01   3.7793864e-01   3.0440874e-01   2.4518446e-01   1.9748256e-01   1.5906132e-01   1.2811512e-01   3.1110397e-01   2.5057710e-01   2.0182604e-01   1.6255975e-01   1.3093291e-01   1.0545924e-01   8.4941607e-02
   1.0000000e+00   6.7339000e-01   6.4108000e-01   4.5345409e-01   4.3169686e-01   4.1098357e-01   3.0535145e-01   2.9070035e-01   2.7675222e-01   2.6347334e-01   2.0562061e-01   1.9575471e-01   1.8636218e-01   1.7742032e-01   1.6890749e-01   1.3846287e-01   1.3181926e-01   1.2549443e-01   1.1947307e-01   1.1374062e-01   1.0828321e-01   9.3239509e-02   8.8765774e-02   8.4506693e-02   8.0451968e-02   7.6591793e-02   7.2916834e-02   6.9418203e-02
   1.0000000e+00   1.0709000e+00   1.0015000e-01   1.1468268e+00   1.0725063e-01   1.0030023e-02   1.2281368e+00   1.1485471e-01   1.0741151e-02   1.0045068e-03   1.3152117e+00   1.2299790e-01   1.1502699e-02   1.0757263e-03   1.0060135e-04   1.4084602e+00   1.3171845e-01   1.2318240e-02   1.1519953e-03   1.0773399e-04   1.0075225e-05   1.5083201e+00   1.4105729e-01   1.3191603e-02   1.2336717e-03   1.1537233e-04   1.0789559e-05   1.0090338e-06
   1.0000000e+00  -4.6659000e-02  -5.7968000e-01   2.1770623e-03   2.7047289e-02   3.3602890e-01  -1.0157955e-04  -1.2619995e-03  -1.5678773e-02  -1.9478923e-01   4.7396002e-06   5.8883633e-05   7.3155585e-04   9.0886709e-03   1.1291542e-01  -2.2114500e-07  -2.7474514e-06  -3.4133664e-05  -4.2406829e-04  -5.2685207e-03  -6.5454813e-02   1.0318405e-08   1.2819334e-07   1.5926426e-06   1.9786603e-05   2.4582391e-04   3.0540561e-03   3.7942846e-02
   1.0000000e+00  -2.3675000e-01  -6.3816000e-01   5.6050562e-02   1.5108438e-01   4.0724819e-01  -1.3269971e-02  -3.5769227e-02  -9.6416008e-02  -2.5988950e-01   3.1416656e-03   8.4683645e-03   2.2826490e-02   6.1528840e-02   1.6585108e-01  -7.4378932e-04  -2.0048853e-03  -5.4041715e-03  -1.4566953e-02  -3.9265244e-02  -1.0583953e-01   1.7609212e-04   4.7465659e-04   1.2794376e-03   3.4487261e-03   9.2960466e-03   2.5057508e-02   6.7542553e-02
   1.0000000e+00  -1.5035000e-01  -3.6769000e-01   2.2605123e-02   5.5282192e-02   1.3519594e-01  -3.3986802e-03  -8.3116775e-03  -2.0326709e-02  -4.9710194e-02   5.1099156e-04   1.2496607e-03   3.0561207e-03   7.4739276e-03   1.8277941e-02  -7.6827582e-05  -1.8788649e-04  -4.5948775e-04  -1.1237050e-03  -2.7480885e-03  -6.7206162e-03   1.1551027e-05   2.8248733e-05   6.9083983e-05   1.6894905e-04   4.1317510e-04   1.0104446e-03   2.4711034e-03
   1.0000000e+00  -4.9021000e-01  -3.0190000e-01   2.4030584e-01   1.4799440e-01   9.1143610e-02  -1.1780033e-01  -7.2548334e-02  -4.4679509e-02  -2.7516256e-02   5.7746899e-02   3.5563919e-02   2.1902342e-02   1.3488744e-02   8.3071576e-03  -2.8308107e-02  -1.7433789e-02  -1.0736747e-02  -6.6123171e-03  -4.0722517e-03  -2.5079309e-03   1.3876917e-02   8.5462176e-03   5.2632608e-03   3.2414240e-03   1.9962585e-03   1.2294128e-03   7.5714434e-04
   1.0000000e+00  -4.6717000e-01  -1.3377000e-01   2.1824781e-01   6.2493331e-02   1.7894413e-02  -1.0195883e-01  -2.9195009e-02  -8.3597329e-03  -2.3937356e-03   4.7632106e-02   1.3639033e-02   3.9054164e-03   1.1182815e-03   3.2021001e-04  -2.2252291e-02  -6.3717468e-03  -1.8244934e-03  -5.2242755e-04  -1.4959251e-04  -4.2834493e-05   1.0395603e-02   2.9766890e-03   8.5234857e-04   2.4406248e-04   6.9885134e-05   2.0010990e-05   5.7299702e-06
   1.0000000e+00  -2.8859000e-01  -6.0673000e-02   8.3284188e-02   1.7509621e-02   3.6812129e-03  -2.4034984e-02  -5.0531015e-03  -1.0623612e-03  -2.2335023e-04   6.9362560e-03   1.4582746e-03   3.0658683e-04   6.4456643e-05   1.3551329e-05  -2.0017341e-03  -4.2084346e-04  -8.8477893e-05  -1.8601543e-05  -3.9107779e-06  -8.2219976e-07   5.7768045e-04   1.2145121e-04   2.5533835e-05   5.3682192e-06   1.1286114e-06   2.3727863e-07   4.9885326e-08
   1.0000000e+00  -6.1118000e-01  -6.7982000e-02   3.7354099e-01   4.1549239e-02   4.6215523e-03  -2.2830078e-01  -2.5394064e-02  -2.8246003e-03  -3.1418237e-04   1.3953287e-01   1.5520344e-02   1.7263392e-03   1.9202198e-04   2.1358746e-05  -8.5279701e-02  -9.4857238e-03  -1.0551040e-03  -1.1735999e-04  -1.3054038e-05  -1.4520103e-06   5.2121248e-02   5.7974847e-03   6.4485847e-04   7.1728081e-05   7.9783671e-06   8.8743963e-07   9.8710562e-08
   1.0000000e+00  -6.6302000e-01  -2.1418000e-01   4.3959552e-01   1.4200562e-01   4.5873072e-02  -2.9146062e-01  -9.4152569e-02  -3.0414764e-02  -9.8250946e-03   1.9324422e-01   6.2425036e-02   2.0165597e-02   6.5142343e-03   2.1043388e-03  -1.2812478e-01  -4.1389047e-02  -1.3370194e-02  -4.3190676e-03  -1.3952187e-03  -4.5070728e-04   8.4949294e-02   2.7441766e-02   8.8647062e-03   2.8636282e-03   9.2505790e-04   2.9882794e-04   9.6532485e-05
   1.0000000e+00  -5.9965000e-01  -4.1886000e-01   3.5958012e-01   2.5116940e-01   1.7544370e-01  -2.1562222e-01  -1.5061373e-01  -1.0520481e-01  -7.3486348e-02   1.2929786e-01   9.0315523e-02   6.3086067e-02   4.4066089e-02   3.0780492e-02  -7.7533464e-02  -5.4157704e-02  -3.7829560e-02  -2.6424230e-02  -1.8457522e-02  -1.2892717e-02   4.6492942e-02   3.2475667e-02   2.2684496e-02   1.5845290e-02   1.1068053e-02   7.7311176e-03   5.4002433e-03
   1.0000000e+00  -7.2638000e-01  -8.2602000e-02   5.2762790e-01   6.0000441e-02   6.8230904e-03  -3.8325836e-01  -4.3583120e-02  -4.9561564e-03  -5.6360091e-04   2.7839121e-01   3.1657907e-02   3.6000529e-03   4.0938843e-04   4.6554563e-05  -2.0221780e-01  -2.2995670e-02  -2.6150064e-03  -2.9737157e-04  -3.3816303e-05  -3.8455000e-06   1.4688697e-01   1.6703595e-02   1.8994884e-03   2.1600476e-04   2.4563486e-05   2.7932943e-06   3.1764599e-07
   1.0000000e+00  -8.3007000e-01   3.1213000e-01   6.8901620e-01  -2.5908975e-01   9.7425137e-02  -5.7193168e-01   2.1506263e-01  -8.0869683e-02   3.0409308e-02   4.7474333e-01  -1.7851704e-01   6.7127498e-02  -2.5241854e-02   9.4916573e-03  -3.9407020e-01   1.4818164e-01  -5.5720522e-02   2.0952506e-02  -7.8787400e-03   2.9626310e-03   3.2710585e-01  -1.2300113e-01   4.6251934e-02  -1.7392047e-02   6.5399057e-03  -2.4591911e-03   9.2472601e-04
   1.0000000e+00  -7.2062000e-01   5.3874000e-01   5.1929318e-01  -3.8822682e-01   2.9024079e-01  -3.7421305e-01   2.7976401e-01  -2.0915332e-01   1.5636432e-01   2.6966541e-01  -2.0160354e-01   1.5072006e-01  -1.1267926e-01   8.4239715e-02  -1.9432629e-01   1.4527954e-01  -1.0861189e-01   8.1198927e-02  -6.0704823e-02   4.5383304e-02   1.4003541e-01  -1.0469134e-01   7.8267901e-02  -5.8513571e-02   4.3745110e-02  -3.2704116e-02   2.4449801e-02
   1.0000000e+00  -5.9389000e-01   4.9488000e-01   3.5270533e-01  -2.9390428e-01   2.4490621e-01  -2.0946817e-01   1.7454681e-01  -1.4544735e-01   1.2119919e-01   1.2440105e-01  -1.0366161e-01   8.6379728e-02  -7.1978985e-02   5.9979054e-02  -7.3880540e-02   6.1563592e-02  -5.1300056e-02   4.2747600e-02  -3.5620960e-02   2.9682434e-02   4.3876914e-02  -3.6562002e-02   3.0466591e-02  -2.5387372e-02   2.1154932e-02  -1.7628101e-02   1.4689243e-02
   1.0000000e+00  -4.8445000e-01   9.9927000e-01   2.3469180e-01  -4.8409635e-01   9.9854053e-01  -1.1369644e-01   2.3452048e-01  -4.8374296e-01   9.9781160e-01   5.5080242e-02  -1.1361345e-01   2.3434928e-01  -4.8338983e-01   9.9708320e-01  -2.6683623e-02   5.5040034e-02  -1.1353051e-01   2.3417820e-01  -4.8303695e-01   9.9635533e-01   1.2926881e-02  -2.6664144e-02   5.4999854e-02  -1.1344763e-01   2.3400725e-01  -4.8268434e-01   9.9562799e-01
   1.0000000e+00  -6.3364000e-03   9.9927000e-01   4.0149965e-05  -6.3317744e-03   9.9854053e-01  -2.5440624e-07   4.0120655e-05  -6.3271522e-03   9.9781160e-01   1.6120197e-09  -2.5422052e-07   4.0091367e-05  -6.3225334e-03   9.9708320e-01  -1.0214402e-11   1.6108429e-09  -2.5403494e-07   4.0062101e-05  -6.3179180e-03   9.9635533e-01   6.4722534e-14  -1.0206945e-11   1.6096670e-09  -2.5384949e-07   4.0032855e-05  -6.3133059e-03   9.9562799e-01
   1.0000000e+00   6.3265000e-01  -3.0612000e-02   4.0024602e-01  -1.9366682e-02   9.3709454e-04   2.5321565e-01  -1.2252331e-02   5.9285286e-04  -2.8686338e-05   1.6019688e-01  -7.7514374e-03   3.7506836e-04  -1.8148412e-05   8.7814618e-07   1.0134856e-01  -4.9039468e-03   2.3728700e-04  -1.1481593e-05   5.5555918e-07  -2.6881811e-08   6.4118163e-02  -3.1024820e-03   1.5011962e-04  -7.2638297e-06   3.5147452e-07  -1.7006778e-08   8.2290600e-10
